1
800
6.73
9.85
7.18
6.79
0.86
2.95
7.75
7.9
5.71
9.08
6.21
0.46
4.56
0.5
6.46
6.81
3.96
6.73
8.64
7.54
4.08
7.55
2.79
1.9
1.27
2.56
5.41
1.63
1.54
2.04
4.84
9.95
6.09
4.04
3.9
6.13
8.96
5.54
2.36
9.46
6.2
3.63
9.08
4.29
9.29
9.42
7.01
4.55
3.44
8.74
6.38
5.03
2.6
6.87
5.78
5.94
9.55
4.69
6.94
9.0
3.38
3.95
8.91
8.72
6.25
5.88
3.5
9.17
6.09
3.18
0.31
6.64
6.36
0.85
5.31
8.25
7.56
3.03
3.42
7.81
5.36
3.62
8.0
0.74
9.09
8.44
5.79
1.69
6.13
1.88
5.85
7.42
5.41
4.34
5.13
8.18
3.06
8.59
6.71
1.03
8.64
7.87
9.09
5.86
0.91
2.58
4.87
2.52
3.58
7.07
8.78
8.89
5.9
9.52
1.81
0.41
2.64
7.36
7.14
6.96
8.31
2.93
5.48
6.5
9.34
7.15
1.32
4.44
9.42
5.67
2.17
0.91
5.31
0.5
2.34
9.18
6.36
4.46
0.39
0.21
1.9
6.01
2.63
6.51
1.68
0.22
9.03
5.87
0.65
5.11
2.74
0.65
0.59
3.84
2.51
0.08
3.56
9.38
2.88
9.75
1.87
0.91
3.11
6.27
4.24
9.5
8.44
9.3
8.32
9.24
5.24
1.64
6.45
4.55
6.53
5.66
0.01
9.46
4.08
9.81
7.74
2.12
9.09
7.23
5.0
2.29
6.13
9.85
9.04
2.86
0.44
2.78
9.46
7.27
3.09
0.64
2.16
3.28
4.89
9.83
5.9
3.37
4.94
1.9
1.97
7.61
2.21
0.61
5.74
7.96
0.09
4.46
8.74
5.83
5.14
8.62
6.78
8.54
9.56
5.76
5.9
3.37
2.57
3.68
7.79
5.83
9.57
2.22
0.03
3.86
8.59
3.18
2.14
7.2
7.62
4.92
5.22
3.62
0.08
7.71
1.69
6.5
4.71
1.35
3.17
9.8
2.05
1.31
5.66
6.76
6.91
6.8
6.21
9.89
5.79
4.54
3.64
3.77
1.15
2.23
1.74
4.37
7.93
9.9
1.1
4.84
2.83
6.68
8.3
3.95
9.51
9.18
6.45
9.19
0.75
9.83
6.54
6.01
4.79
3.17
3.02
0.45
9.25
3.68
9.69
8.99
8.21
5.77
8.45
4.34
9.94
9.69
3.37
9.23
9.39
5.47
2.57
1.19
7.48
3.5
2.61
9.61
5.94
8.7
9.28
2.03
0.1
6.89
4.59
9.77
4.37
7.43
5.5
0.41
5.85
0.3
4.62
6.42
4.17
6.16
0.28
4.84
8.05
3.85
5.02
2.05
2.98
5.47
1.23
7.77
4.23
3.02
8.54
0.51
3.75
7.92
8.93
3.61
7.57
6.37
9.18
2.49
0.6
6.53
7.31
8.36
9.79
6.23
3.65
7.85
6.47
6.89
9.28
9.42
7.45
6.23
5.97
1.02
0.41
2.95
2.23
5.26
6.25
3.65
4.75
5.64
0.61
1.03
2.02
7.97
0.78
8.38
6.28
2.61
2.64
1.25
4.77
6.79
3.24
8.81
6.91
2.71
1.75
1.95
5.88
4.0
1.82
3.49
8.72
6.84
1.12
3.8
7.81
8.39
9.13
4.44
1.29
5.55
7.41
8.85
0.43
0.18
1.95
9.3
1.18
7.42
9.44
5.36
3.02
4.31
7.24
1.0
5.73
2.15
8.13
9.48
9.45
7.34
4.26
6.73
3.7
5.21
5.36
8.81
9.46
6.93
2.05
3.66
3.99
3.32
4.99
9.83
2.93
3.36
5.69
0.06
4.93
6.02
8.34
5.43
4.59
0.48
8.08
3.81
7.41
2.85
0.6
9.34
7.72
2.77
6.78
3.39
9.43
2.63
0.72
9.57
9.15
9.03
6.4
7.68
3.46
5.28
0.27
2.41
1.94
7.58
9.63
4.23
0.31
0.41
3.99
1.8
2.32
9.77
9.34
3.26
6.0
1.33
7.13
1.91
0.66
9.3
0.54
3.29
5.57
1.37
3.75
5.08
6.42
4.42
8.85
6.54
5.63
7.45
1.98
4.28
4.94
5.75
4.64
4.14
2.67
9.68
8.92
9.39
4.08
5.66
6.64
4.06
6.84
4.62
9.99
7.34
8.02
6.74
4.58
7.64
9.72
1.93
1.17
5.36
3.24
5.19
6.7
8.4
8.77
2.8
1.3
4.76
6.77
2.1
0.34
2.47
6.83
0.64
2.39
3.66
5.84
5.78
7.25
0.8
0.6
7.45
8.99
7.51
6.42
6.79
1.07
5.59
9.87
3.27
7.66
0.37
6.65
6.76
7.93
5.24
9.0
8.25
0.76
8.26
0.14
2.38
0.79
7.57
3.18
9.19
1.01
2.1
4.35
4.85
8.69
7.85
6.23
0.38
4.38
7.29
3.04
3.04
7.5
0.94
9.27
5.57
5.52
0.74
5.58
7.63
6.55
1.45
9.88
9.94
4.87
0.01
3.73
2.78
7.01
2.2
1.21
3.09
0.17
4.96
6.02
1.05
4.54
6.32
8.37
7.45
6.44
0.65
5.17
1.69
5.58
7.42
1.15
4.49
7.57
2.25
4.24
1.64
1.9
4.73
0.43
9.28
3.93
8.91
6.24
2.2
0.86
2.98
0.48
2.17
8.9
4.63
0.38
0.9
1.91
0.28
4.97
7.83
1.26
0.13
6.67
8.34
1.54
4.99
8.68
6.71
5.3
2.89
8.83
5.8
0.16
6.13
7.61
4.77
1.08
4.0
6.15
8.61
7.63
5.67
8.72
9.56
6.53
5.36
5.81
5.38
5.03
7.49
7.21
9.77
5.55
0.98
7.46
5.32
6.14
3.05
7.94
3.51
5.34
4.45
5.09
3.41
2.28
7.64
3.82
1.66
1.91
3.15
7.04
4.97
0.75
2.1
3.96
0.67
0.97
2.18
3.13
1.93
6.1
6.43
0.35
4.31
6.52
6.92
1.04
0.25
3.09
3.56
2.13
7.39
9.13
2.97
1.83
6.28
2.09
3.2
0.5
4.71
4.68
2.65
5.54
7.85
9.87
2.52
7.2
7.63
3.34
6.16
0.62
3.69
2.87
2.76
3.47
1.82
4.65
0.19
1.72
5.85
3.19
0.86
0.85
4.24
0.44
2.5
2.32
5.79
8.88
1.12
1.23
3.95
8.67
4.22
6.89
8.18
7.26
7.05
9.32
5.12
5.27
8.01
1.07
2.01
0.49
4.71
7.19
1.83
1.66
7.16
2.45
9.98
7.01
9.1
5.5
3.6
8.29
6.76
2.57
9.69
3.21
7.99
4.29
8.08
2.35
7.18
5.15
0.97
2.71
1.4
7.81
9.76
4.62
1.4
2.3
4.68
1.88
7.95
9.25
4.35
2.35
2.45
